25,25
270017,13,13,37,13,37,13,13,13,13,13,13,13,13,13,13,13,13,13,13,13,13,13,37,730038
36,37,13,37,13,37,13,37,36,36,36,36,36,36,36,36,36,37,36,37,36,37,13,37,13
730038,37,13,37,13,37,13,37,13,13,13,13,13,13,13,13,13,13,13,37,13,37,13,37,13
13,37,13,37,13,37,13,37,13,36,36,36,36,36,36,36,36,37,13,37,13,37,13,37,13
13,37,13,37,13,37,13,37,13,13,13,13,13,13,13,13,13,37,13,37,13,37,13,37,13
13,37,13,37,13,37,13,37,36,36,36,36,36,36,36,36,13,37,13,37,13,13,13,37,13
13,37,13,37,13,37,13,37,13,13,13,13,13,13,13,13,13,13,13,37,13,37,36,37,13
13,37,13,37,13,37,13,37,36,36,36,36,13,36,36,36,36,37,13,37,13,37,13,37,13
13,37,13,37,13,13,13,37,13,13,13,13,13,13,13,13,13,37,13,37,13,37,13,37,13
13,37,13,37,36,37,13,37,890035,13,41,39,39,39,42,13,940035,37,13,37,13,37,13,37,13
13,37,13,13,13,37,13,37,13,13,40,12,12,260112,40,13,13,37,13,37,13,37,13,37,13
13,37,36,37,13,37,13,37,900035,13,40,12,12,12,40,13,930035,37,13,37,13,37,13,37,13
13,37,13,37,13,37,13,37,13,13,40,12,12,12,40,13,13,37,13,37,13,37,13,13,13
13,37,13,37,13,37,13,37,910035,13,44,45,12,46,43,13,920035,37,13,37,13,37,13,37,36
13,37,13,37,13,37,13,37,13,13,13,13,1060013,13,13,13,13,37,13,37,13,37,13,37,730038
13,37,13,37,13,37,13,37,36,36,36,36,13,36,36,36,36,37,13,37,13,37,13,37,13
13,37,13,37,13,37,13,37,13,13,13,13,13,13,13,13,13,13,13,37,13,13,13,37,13
13,37,13,37,13,37,13,37,13,36,36,36,36,36,36,36,36,37,13,37,13,37,36,37,13
13,13,13,13,13,13,13,37,13,13,13,13,13,13,13,13,13,37,13,37,13,37,13,37,13
36,37,36,37,36,37,36,37,36,36,36,36,36,36,36,36,13,37,36,37,13,37,13,37,13
730038,37,13,13,13,13,13,37,13,13,13,13,13,13,13,13,13,37,13,37,13,37,13,37,13
13,37,13,37,36,37,13,37,13,36,36,36,36,36,36,36,36,37,13,37,13,37,13,37,13
13,37,13,37,13,37,13,37,13,13,13,13,13,13,13,13,13,13,13,37,13,37,13,37,13
13,37,13,37,13,37,13,37,36,36,36,36,36,36,36,36,13,37,13,37,13,37,13,37,13
13,13,13,13,13,37,13,13,13,13,13,13,13,13,13,13,13,37,13,13,13,13,13,13,13
