13,13
41,39,39,39,39,49,39,39,39,39,39,39,42
40,230018,12,711112,12,48,711112,12,12,12,12,12,40
52,39,42,12,12,12,12,46,49,39,42,12,40
40,12,44,39,39,42,12,12,40,400022,40,12,40
40,12,12,12,390022,40,410022,41,43,12,48,12,40
40,12,41,39,49,50,39,43,12,12,12,12,40
40,12,40,12,40,12,12,12,701112,46,39,39,51
40,701112,48,12,40,12,47,12,12,12,12,12,40
40,12,12,12,44,39,50,39,39,49,45,12,40
40,12,49,12,691112,12,12,12,380022,40,12,12,40
40,12,44,42,12,46,39,39,39,43,12,12,40
40,12,420022,48,12,12,12,12,12,12,12,220112,40
44,39,39,39,39,39,39,39,39,39,39,39,43
