13,13
41,39,39,39,39,39,39,39,39,39,39,39,42
40,12,12,12,12,12,12,12,12,12,12,240112,40
40,691112,41,39,39,39,39,39,39,42,12,12,40
40,12,40,12,711112,12,12,12,480022,44,42,12,40
40,12,40,12,41,39,49,39,45,12,40,12,40
40,12,40,12,40,250018,40,12,721112,12,40,12,40
40,12,40,12,40,12,48,12,47,12,40,12,40
40,12,40,12,40,12,721112,12,40,12,40,12,40
40,12,48,12,44,39,39,39,43,12,40,12,40
40,12,701112,12,12,12,12,12,12,12,40,12,40
40,12,41,39,39,39,39,39,39,39,43,12,40
40,12,40,510022,12,12,12,12,12,12,711112,12,40
44,39,50,39,39,39,39,39,39,39,39,39,43
