13,26
1807,1807,1807,1807,1807,1807,190007,1807,1807,1807,1807,1807,1807
1807,681007,1807,701007,7,1807,7,1807,1807,691007,1807,681007,1807
1807,7,1807,1807,7,1807,7,701107,7,7,7,7,1807
1807,7,7,7,7,1807,701007,1807,1807,1807,1807,7,1807
1807,7,7,1807,691007,1807,1807,671007,7,7,1807,7,1807
1807,7,7,1807,1807,1807,661007,1807,1807,7,7,7,1807
1807,7,7,1807,1807,7,7,7,7,7,7,7,1807
1807,7,1807,651007,7,7,1807,1807,1807,1807,1807,7,1807
1807,7,7,1807,7,7,661007,1807,1807,641007,1807,671007,1807
1807,7,7,1807,7,1807,1807,641007,7,7,7,1807,1807
1807,7,7,7,7,1807,7,7,7,1807,7,7,1807
1807,7,7,1807,7,7,7,7,1807,631007,1807,7,1807
1807,7,1807,631007,1807,1807,651007,1807,7,7,7,7,1807
1807,7,7,7,7,1807,1807,7,7,7,7,7,1807
1807,1807,1807,7,7,7,7,7,7,7,1507,1507,1807
1807,621007,1807,1807,1807,7,7,7,7,1507,1507,621007,1807
1807,7,7,611007,1507,7,7,7,1507,611007,7,7,1807
1807,7,1507,1507,7,7,7,7,7,1507,1507,7,1807
1807,7,601007,1507,7,7,7,7,7,1507,601007,7,1807
1807,7,1507,7,7,7,7,7,7,7,1507,7,1807
1807,7,7,7,7,7,320707,7,7,7,7,7,1807
1200,7,0,0,7,7,7,0,0,0,7,0,1200
1200,1200,1200,800,0,0,0,0,0,0,0,1200,1200
1200,410022,1200,1200,0,0,3,0,0,0,1200,1200,1200
1200,0,0,1200,0,0,3,0,0,0,0,550900,1200
39,39,1020039,39,39,45,80003,46,39,39,39,39,39
