13,26
1605,1605,1605,1605,1605,1605,1605,1605,1605,1605,1605,1605,1605
1605,5,711105,5,20,5,711105,5,20,711105,5,210018,1605
1605,5,20,5,20,5,20,5,20,5,20,20,1605
1605,5,20,5,20,5,20,5,20,5,20,470022,1605
1605,5,20,5,20,5,20,5,20,5,20,5,1605
1605,5,20,5,20,5,20,5,5,5,20,5,1605
1605,5,20,5,5,5,20,5,20,20,20,5,1605
1605,5,20,20,20,20,20,20,20,5,5,5,1605
1605,5,5,5,5,5,5,5,5,5,20,20,1605
1605,5,20,20,20,20,20,20,20,701105,20,20,1605
1605,5,20,370205,5,5,5,5,5,5,20,20,1605
1605,500022,20,20,20,701105,20,20,20,5,5,5,1605
1605,20,20,5,5,5,20,360205,20,20,20,701105,1605
1605,360205,20,5,20,20,20,5,5,5,5,5,1605
1605,5,20,5,20,360205,20,5,20,20,5,20,1605
1605,5,5,5,20,5,5,5,20,360205,5,20,1605
1605,5,20,5,20,20,20,5,20,20,20,20,1605
1605,5,20,5,20,360205,20,5,20,360205,5,20,1605
1605,5,20,5,20,5,5,5,20,20,5,360205,1605
1605,360205,20,5,20,20,5,20,20,5,5,20,1605
1605,20,20,5,5,20,5,5,20,5,20,20,1605
1605,550905,20,20,681105,20,20,681105,20,681105,20,560805,1605
1605,5,5,5,5,5,5,5,5,5,5,5,1605
1605,1605,1605,1605,1605,1605,5,1605,1605,1605,1605,1605,1605
1805,1805,1805,1805,1805,1605,5,1605,1805,1805,1805,1805,1805
1805,1805,1805,1805,1805,1805,200005,1805,1805,1805,1805,1805,1805
