25,25
41,39,39,39,39,39,49,39,39,39,39,39,39,39,39,39,39,39,49,39,39,39,39,39,42
40,304,4,4,4,304,40,604,340204,4,4,4,4,4,4,4,340204,604,40,304,4,4,4,304,40
40,4,4,4,4,4,40,4,4,4,4,1904,2004,2104,4,4,4,4,40,4,4,4,4,4,40
40,4,4,4,4,4,40,4,4,4,504,2204,802304,2404,504,4,4,4,40,4,4,4,4,4,40
40,4,4,4,4,4,40,772804,11,11,11,11,11,11,11,11,11,782804,40,4,4,4,4,4,40
40,440022,4,4,4,4,590016,4,11,10,10,10,10,10,10,10,11,4,590016,4,4,4,4,450022,40
40,4,4,4,4,4,40,4,11,10,10,10,10,10,10,10,11,4,40,4,4,4,4,4,40
40,4,4,4,4,4,40,4,11,10,10,10,10,10,10,10,11,4,40,4,4,4,4,4,40
40,4,4,4,4,4,40,4,11,10,10,10,10,10,10,10,11,4,40,4,4,4,4,4,40
40,304,4,4,4,304,40,604,11,10,10,10,10,10,10,10,11,604,40,304,4,4,4,304,40
52,39,39,39,39,39,51,4,11,10,10,10,10,10,10,10,11,4,52,39,39,39,39,39,51
40,304,4,4,4,304,40,4,11,10,10,10,10,10,10,10,11,4,40,304,4,4,4,304,40
40,4,4,4,4,4,40,4,11,10,10,10,10,10,10,10,11,4,40,4,4,4,4,4,40
40,4,4,4,4,4,40,4,11,10,10,10,10,10,10,10,11,4,40,4,4,4,4,4,40
40,4,4,4,4,4,40,762804,11,10,10,10,10,10,10,10,11,792804,40,4,4,4,4,4,40
40,430022,4,4,4,4,590016,4,11,10,10,10,10,10,10,10,11,4,590016,4,4,4,4,460022,40
40,4,4,4,4,4,40,4,11,10,10,10,10,10,10,10,11,4,40,4,4,4,4,4,40
40,4,4,4,4,4,40,4,11,10,10,10,10,10,10,10,11,4,40,4,4,4,4,4,40
40,4,4,4,4,4,40,4,11,11,11,11,11,11,11,11,11,4,40,4,4,4,4,4,40
40,304,4,4,4,304,40,604,4,4,4,4,4,4,4,4,4,604,40,304,4,4,4,304,40
52,39,39,39,39,39,43,752804,4,4,4,4,4,4,4,4,4,752804,44,39,39,39,39,39,43
40,604,4,4,4,4,604,4,4,4,4,4,4,4,4,4,4,4,604,4,4,4,4,4,604
40,340204,4,4,4,4,4,4,4,4,4,4,4,4,4,4,4,4,4,4,4,4,4,4,40004
40,604,4,4,4,4,604,4,4,4,4,4,4,4,4,4,4,4,604,4,4,4,4,4,604
44,39,39,39,39,39,39,39,39,39,39,39,39,39,39,39,39,39,39,39,39,39,39,39,45
