13,13
41,39,39,39,49,39,39,39,39,39,49,39,42
40,2,2,150102,40,2,2,2,2,2,40,350202,40
40,2,2,2,40,2,41,39,42,2,40,2,40
40,2,2,2,40,2,40,350202,40,2,40,2,40
40,651102,46,39,43,2,40,2,48,2,40,2,40
40,2,2,2,2,2,40,2,2,2,40,2,40
52,39,39,39,39,39,50,45,641102,46,43,641102,40
40,350202,2,2,2,2,2,641102,2,2,2,2,40
52,39,39,39,39,39,39,45,2,41,39,39,51
40,350202,2,2,2,2,2,641102,2,40,2,140102,40
52,39,39,39,39,39,39,45,2,48,2,2,40
40,350202,2,2,2,2,2,641102,2,2,2,2,40
44,39,39,39,39,39,39,39,39,39,39,39,43
