36,36
41,39,39,39,39,39,39,39,39,39,39,39,39,39,1010039,39,39,45,70003,46,39,39,39,39,39,39,39,39,39,39,39,39,39,39,39,42
40,160018,1,19,19,19,19,1200,1200,0,0,0,0,0,0,0,0,0,3,0,0,1200,1200,1200,0,0,6,6,6,6,6,6,6,6,6,40
40,420022,1,19,19,19,19,1200,0,0,41,39,39,39,39,39,42,0,3,0,0,1200,350200,0,0,1200,1206,6,6,6,41,45,6,47,6,40
40,19,19,19,19,19,1200,0,0,0,40,302,2,9,2,302,40,0,3,0,0,1200,1200,0,0,1200,1200,1200,1206,6,40,6,6,40,6,40
40,19,19,19,0,0,0,0,0,350200,40,2,9,390022,9,2,40,0,3,0,300700,1200,1200,1200,0,0,0,1200,1206,6,40,530026,6,40,6,40
40,19,19,0,0,41,39,39,39,39,43,302,2,9,2,302,40,0,3,0,0,0,0,0,0,0,0,0,1200,1306,44,39,39,43,6,40
40,1200,1200,0,0,40,130018,2,2,2,2,2,2,2,2,120018,40,0,3,0,41,39,39,39,39,39,42,1200,1200,1206,1306,1306,1206,1306,1206,40
40,1200,0,0,0,44,39,39,39,39,39,39,39,590016,39,39,43,0,3,0,40,2,863502,2,2,202,40,1200,380022,1200,1200,1200,1206,1206,1206,40
40,0,0,0,0,0,0,0,0,0,0,0,0,0,0,0,0,0,3,0,40,2,402,2,21,21,40,1200,971200,971200,971200,0,0,0,0,40
40,0,41,39,39,39,39,49,39,39,39,42,0,0,0,0,0,0,3,0,48,2,2,2,21,2,40,1200,853100,1200,41,39,39,42,0,40
40,0,40,27,340202,27,202,40,2,2902,2,40,0,1200,300,1200,300,0,3,3,2,2,402,2,980021,3602,40,1200,0,1200,40,202,2,48,0,40
40,0,40,2,2,2,2,40,21,570021,21,40,0,1200,1200,1200,833200,0,3,0,34,2,2,2,21,2,40,1200,0,1200,40,2,2,2,0,40
40,0,40,28,2,28,2,48,2,2,2,40,0,1200,550900,0,0,0,3,0,47,873802,402,2,21,21,40,1200,0,1200,40,2,2,47,0,40
40,0,40,29,2,29,2,2,2,2,502,40,0,1200,1200,1200,0,0,3,0,40,2,2,2,2,340202,40,1200,0,1200,40,25,540027,40,0,40
40,0,44,39,39,39,39,45,32,2,46,43,0,1200,300,1200,300,0,3,0,44,39,39,39,39,39,43,1200,0,1200,44,39,39,43,0,40
48,0,0,0,0,0,0,0,0,3,0,0,0,0,0,0,0,0,3,0,0,0,0,0,0,0,0,0,0,0,0,0,0,0,0,48
30003,3,3,3,3,3,3,3,3,3,3,3,3,3,3,3,3,3,3,3,3,3,3,3,3,3,3,3,3,3,3,3,3,3,3,50003
47,0,0,0,0,0,0,0,0,0,0,0,0,0,0,0,0,0,3,0,0,0,0,0,0,0,0,0,0,0,0,0,0,0,0,47
40,0,41,39,39,39,39,39,42,1200,0,41,39,39,39,39,42,0,3,0,41,39,39,39,39,42,0,1200,1200,1200,1200,1200,1200,300700,0,40
40,0,40,27,2,843002,31,30,40,1200,0,40,2,21,2,502,48,0,3,0,48,27,2,2,202,40,0,1200,1200,350200,1200,1200,0,0,0,40
40,0,40,2,2,2,2,2,40,1200,0,40,3702,580021,2,2,2,3,3,3,2,2,2,2,28,40,0,0,0,0,1200,0,0,1200,1200,40
40,0,40,402,2,2,2,340202,40,1200,0,40,2,21,2,2,33,0,3,0,47,402,2,2,29,40,0,0,1200,1200,1200,0,1200,1200,1200,40
40,0,44,39,45,2,46,39,43,1200,0,44,39,39,39,39,45,0,3,0,44,39,39,39,39,43,1200,1200,1200,1200,1200,0,0,0,1200,40
40,0,0,0,0,0,0,0,1200,1200,0,0,0,0,0,0,0,0,3,0,0,0,0,0,0,0,1200,1200,0,0,0,0,1200,0,1200,40
40,0,1200,1200,1200,0,1200,1200,1200,1200,0,0,1200,1200,1200,1200,1200,0,3,0,1200,1200,1200,1200,1200,0,1200,1200,0,550900,0,0,1200,6,1206,40
40,1200,1200,1200,19,15,19,19,1200,1200,0,0,1200,41,39,39,42,0,3,0,1200,1200,1200,1200,1200,0,1200,1200,0,0,0,1200,1206,6,1206,40
40,1200,1200,19,19,15,19,19,19,1300,1300,0,1200,40,27,24,40,0,3,0,1200,1200,1200,1200,0,0,1200,1200,0,0,1206,1206,1306,6,1206,40
40,1200,19,19,19,15,19,19,19,1300,1200,0,0,48,2,2,40,0,3,0,1200,1200,1200,0,0,1200,1200,1206,1200,1200,1206,1306,6,6,1206,40
40,19,19,19,19,15,19,19,19,19,1200,1200,0,2,2,2,40,0,3,0,1200,1200,0,0,1200,1200,1206,1206,1206,1206,1206,6,6,6,6,40
40,19,19,19,19,15,19,19,19,19,19,1200,0,49,2,340202,40,0,3,0,0,0,0,1200,1206,1206,1206,1206,1306,6,6,6,6,6,6,40
40,19,19,19,1,1,1,19,19,19,19,1200,1300,44,39,39,43,0,3,0,823300,0,1200,1200,1206,1306,1306,1206,1206,6,41,39,39,42,6,40
40,1,14,14,1,1,1,19,19,19,19,1300,1300,1300,1200,1200,1200,0,3,0,0,0,1200,1206,1206,1306,6,6,6,6,40,90018,6,40,6,40
40,1,19,19,19,19,19,19,19,19,1300,1200,1300,1200,1200,0,0,0,3,0,0,1200,1200,1206,1306,6,6,6,6,6,40,6,6,40,6,40
40,1,1,19,1,1,1,19,19,971300,971300,971200,1200,1200,200,0,290700,0,3,0,1200,1200,1206,1206,1306,6,806,560806,806,6,44,45,6,48,6,40
40,380022,1,19,1,400022,1,19,1001300,971300,1300,0,0,0,0,0,0,0,3,0,1200,1206,1206,1306,1306,6,6,6,6,6,6,883906,6,6,6,40
44,39,39,39,39,39,39,39,39,39,39,39,39,39,39,39,39,45,20003,46,39,39,39,39,39,39,39,39,39,39,39,39,39,39,39,43
