20,20
41,39,39,49,39,39,39,49,39,39,39,39,39,39,39,39,49,39,39,42
40,2,110102,40,2,2,2,40,2,631102,2,19,19,19,19,621001,40,340201,1,40
40,2,2,40,2,47,2,40,2,47,2,2,19,19,19,1,40,1,1,40
40,641102,46,43,2,40,2,40,2,40,2,2,2,19,19,1,44,45,621101,40
40,2,2,2,2,40,2,40,2,40,2,2,2,14,14,1,1,1,1,40
52,39,39,39,39,43,2,48,2,40,2,19,19,19,19,1,1,1,1,40
40,350202,2,2,2,641102,2,2,2,40,2,19,19,19,1501,1,1,1,621001,40
52,39,39,39,39,39,39,39,39,43,19,19,19,1501,1501,1,41,39,39,51
40,1502,611002,2,2,1502,1502,2,19,19,19,19,1,1,1,1,48,1,340201,40
40,1502,2,550902,2,2,2,2,14,14,14,14,1,1,1,1,621101,1,1,40
40,1502,2,2,2,2,2,19,19,19,19,19,1,1501,1,1,47,1,340201,40
40,1502,1502,2,15,19,19,19,19,19,19,19,19,1501,1501,1,44,39,39,51
40,19,19,19,15,19,19,19,19,19,19,19,19,19,1,1,1,1,611001,40
40,19,19,19,6,6,19,19,19,19,19,19,19,19,19,1,560801,1,1,40
40,1506,601006,6,6,6,1506,19,19,19,19,19,1506,1506,19,19,19,1,1,40
40,1506,1506,6,6,6,1506,1506,19,19,19,19,1506,601006,6,6,19,19,19,40
52,39,39,42,6,6,6,6,6,19,19,1506,1506,6,330706,6,41,39,39,51
40,340206,6,48,6,6,6,6,6,14,14,6,6,6,6,6,48,6,100106,40
40,6,6,611106,6,6,6,6,19,19,19,6,6,6,6,6,6,6,6,40
44,39,39,39,39,39,39,39,39,39,39,39,39,39,39,39,39,39,39,43
