13,26
41,39,39,39,49,39,39,39,49,39,39,39,42
40,4,4,4,40,4,4,4,40,4,4,4,40
40,4,520022,4,40,4,952704,4,40,4,490022,4,40
40,4,4,4,40,4,4,4,40,4,4,4,40
52,45,721104,46,50,45,721104,46,50,45,721104,46,51
40,4,4,4,4,4,4,4,4,4,4,4,40
44,39,39,39,39,42,4,41,39,39,39,39,43
19,19,19,19,19,40,4,40,19,19,19,19,19
19,19,19,19,19,40,4,40,19,19,19,19,19
19,19,19,19,19,40,4,40,19,19,19,19,19
19,19,41,39,39,43,721102,44,39,39,42,19,19
19,19,40,602,2,2,2,2,2,602,40,19,19
19,19,40,2,2,19,2,19,2,2,40,19,19
19,19,40,302,711102,19,2,19,711102,302,40,19,19
19,19,40,400022,2,2,420022,2,2,410022,40,19,19
19,19,40,302,711102,19,2,19,711102,302,40,19,19
19,19,40,2,2,19,2,19,2,2,40,19,19
19,19,40,602,2,2,2,2,2,602,40,19,19
19,19,44,39,49,45,701102,39,49,39,43,19,19
19,19,19,19,40,2,2,2,40,19,19,19,19
19,19,19,19,40,2,390022,2,40,19,19,19,19
19,19,19,19,40,2,2,2,40,19,19,19,19
19,19,19,19,44,45,2,46,43,19,19,19,19
19,19,19,19,19,19,15,19,19,19,19,19,19
19,19,19,19,19,19,15,19,19,19,19,19,19
19,19,19,19,19,19,180015,19,19,19,19,19,19
