25,25
40,1706,1706,1706,1706,1706,1706,1706,1706,1706,1706,1706,1706,1706,1706,1706,1706,1706,170015,1706,1706,1706,1706,1706,1706
40,6,6,1406,1406,6,6,6,6,1406,6,6,19,19,19,19,19,19,15,19,19,19,19,19,1706
40,6,6,6,6,6,6,6,6,6,6,6,6,19,19,19,19,19,15,19,19,19,19,1706,1706
40,6,906,6,6,0,0,0,1400,6,6,6,6,1406,19,19,19,19,15,19,19,19,1706,681006,1706
40,6,6,1406,0,1400,1200,0,1200,0,6,6,6,1406,370206,19,19,19,1,1050019,1050019,6,1706,6,1706
40,6,6,6,0,1200,1200,631000,1200,0,0,0,6,1406,6,6,1050019,1,691101,1,19,6,6,6,1706
40,6,6,6,6,0,1200,1200,1200,0,0,1200,0,1706,1406,1406,19,19,1,19,19,1706,1706,6,1706
40,6,1406,6,6,6,0,0,1200,1200,651000,1200,0,1706,1706,1706,19,19,15,19,19,1706,1070706,6,1706
40,6,6,6,6,6,6,6,0,1200,1200,1200,0,1706,681006,6,6,19,15,19,6,6,6,6,1706
40,6,6,6,6,6,6,1606,6,0,0,0,6,6,1706,6,6,6,6,6,6,6,1706,6,1706
40,6,6,310706,6,6,1606,1606,6,6,6,6,6,6,1706,6,6,6,6,6,6,1706,1706,6,1706
48,6,6,6,6,6,1606,6,6,6,6,1406,6,6,6,1706,6,6,1706,6,6,1706,661006,6,1706
60003,3,3,6,6,6,6,6,6,6,1406,6,6,6,6,6,1706,671006,1706,671006,1706,1706,1706,6,1706
47,6,6,6,6,6,6,6,6,6,6,6,6,6,6,6,1706,1706,1706,1706,1706,661006,6,6,1706
40,6,6,6,6,6,6,6,6,6,6,6,6,6,6,6,6,6,6,6,6,1706,6,6,1706
40,6,6,1406,6,6,1706,6,6,1706,6,6,1706,6,6,6,6,6,6,6,6,6,1706,6,1706
40,6,6,6,1406,6,631006,1706,6,1706,6,1706,651006,1706,6,6,6,6,6,1406,6,6,6,6,1706
40,6,6,6,6,1706,1706,1706,631006,1706,1706,1706,6,1706,1706,6,6,6,6,6,1406,6,6,6,1706
40,6,6,6,6,6,6,1706,1706,1706,1706,1706,6,6,6,1706,6,6,6,6,1406,6,6,6,1706
40,6,6,6,6,6,6,6,6,1706,641006,1706,6,6,6,6,1706,6,6,6,6,1400,0,0,1706
40,6,6,6,6,6,6,6,6,6,6,6,6,6,6,6,6,6,6,6,0,0,0,0,1706
40,6,0,1400,0,6,6,6,6,6,6,6,6,1606,1606,6,6,6,6,0,1200,1200,1200,1400,1706
40,0,0,0,1400,0,6,6,6,6,6,1606,1606,6,6,6,6,6,0,1200,1200,641000,1200,1200,1706
40,0,1200,641000,1200,0,6,6,6,1606,1606,560806,6,6,6,6,6,6,0,0,0,0,0,651000,1706
40,1706,1706,1706,1706,1706,1706,1706,1706,1706,1706,1706,1706,1706,1706,1706,1706,1706,1706,1706,1706,1706,1706,1706,1706
